Instruction: 583555
Private-accesses: 491548
Remote-accesses: 91500
Off-chip-accesses: 507
Total-accesses: 583555
Replacement-writebacks: 0
Coherence-writebacks: 39537
Invalidations-sent: 52559
Average-latency: 5.164111351971965
Priv-average-latency: 2.0
Rem-average-latency: 22.02998907103825
Off-chip-average-latency: 29.0
Total-latency: 3013543